 01010000 01101111 01110011 01110100 01100101 01101101 00100000 01101110 01100101 01101111 01101101 01110101 01101100 01101000 01100101 01110010 01100101 01110011
 Aprendeu a usar binário?
 01001101 01100101 01110010 01100100 01100101 01110010 01100001 01100100 01101111 01110010 01100001 00100000 01101110 11100011 01101111 00100000 01100100 01100101 01101001 01111000 01100001 00101110
 Não entendi, tá escrito em tijolinho virtual.
 01001110 11100011 01101111 00101110
 01000111 01101111 01110010 01100100 01100101 01110010 01100001 01100100 01101111 01110010 01100001 00100000 01100100 01101111 00100000 01100011 01110101 00100000 01101101 01100001 01110010 01110010 01101111 01101101 00100000 01101110 01100001 01101111 00100000 01100100 01100101 01101001 01111000 01100001
 >>27448911 \r\n 01100110 01101111 01100100 01100001 00101101 01110011 01100101 00100000 01101011 01101011 01101011 01101011 01101011 00100000 01110011 01101000 01100001 01101100 01100001 01101001 00100000 01101000 01101001 01101101 01100001 01101001
 01010110011011110110110001110100011001010010000011100000001000000111001101110101011000010010000001110000011000010110111001100101011011000110000100100000010001110100110001010011
 >>27448901 \r\n Perdi.
 01110000 01100001 01110010 01100101 01101101 00100000 01100011 01101111 01101101 00100000 01101001 01110011 01110011 01101111 00101100 00100000 01110011 01100101 01110101 01110011 00100000 01100010 01101111 01100010 01101111 01110011 00100000 01110010 01110011 01110010 01110011 01110010 01110011
 >>27448924 \r\n Reportado.
 01000110 01101001 01111010 00100000 01110101 01101101 01100001 00100000 01100100 01100101 01100011 01101100 01100001 01110010 01100001 11100111 11100011 01101111 00100000 01100101 01101101 00100000 01100010 01101001 01101110 11100001 01110010 01101001 01101111 00100000 01110101 01101101 01100001 00100000 01110110 01100101 01111010 00101110 00100000 01000001 00100000 01100111 01110101 01110010 01101001 01100001 00100000 01100111 01101111 01110011 01110100 01101111 01110101 00101110 00100000 01001000 01101111 01101010 01100101 00100000 01101110 01100101 01101101 00100000 01101110 01101111 01110011 00100000 01100110 01100001 01101100 01100001 01101101 01101111 01110011 00101110
 Que forçação desgraçada é essa?
 01001110 01100001 01101111 00100000 01110001 01110101 01100101 01110010 01101111 00100000 01110011 01100101 01110010 00100000 01100010 01100001 01101110 01101001 01100100 01101111 00101110
 >>27449350 \r\n 01010000 01101111 01111000 01100001 00100000 01100001 01101110 01100001 01101111 00100000 01101010 01100001 00100000 01110100 01100101 01101110 01110100 01101111 01110101 00100000 01100110 01100001 01111010 01100101 01110010 00100000 01101111 01110101 01110100 01110010 01100001 00111111
 >>27449365 \r\n Uma galera da pesada que descobriu como colocar no google 'binary to text'.
